ChIJITj-in8EFgcRsg17c6Co4cg 107471993659089332167 5 1500449570
ChIJITj-in8EFgcRsg17c6Co4cg 112738993661889046137 3 1472400903
ChIJmfXyj4gEFgcROGKMO6faGys 100089314348472192351 5 1477250036
ChIJmfXyj4gEFgcROGKMO6faGys 118348002944499798302 1 1506701822
ChIJmfXyj4gEFgcROGKMO6faGys 102132746147096279753 4 1506132346
ChIJmfXyj4gEFgcROGKMO6faGys 112809004784942574336 4 1514737419
ChIJmfXyj4gEFgcROGKMO6faGys 100722280284017188089 5 1504383107
ChIJz-yP2e0EFgcRVOm5ulakLrg 103700201745581095676 4 1513876787
ChIJz-yP2e0EFgcRVOm5ulakLrg 118364941805826372344 4 1496608618
ChIJz-yP2e0EFgcRVOm5ulakLrg 112104182376827309209 5 1513343206
ChIJz-yP2e0EFgcRVOm5ulakLrg 104874113283516189350 5 1513112037
ChIJz-yP2e0EFgcRVOm5ulakLrg 113742554048602974955 4 1511362294
ChIJ2QQJsZMEFgcR4UwUmXFKFio 105930388188232845083 5 1485685154
ChIJ2QQJsZMEFgcR4UwUmXFKFio 112809004784942574336 4 1515251055
ChIJZ234IGcDFgcR7RghvCuVtVo 101374461031083143200 3 1509390019
ChIJZ234IGcDFgcR7RghvCuVtVo 109172554756316353763 5 1505421647
ChIJffYr31QbFgcRixq77MwiSZI 104108602519904982828 2 1447951441
ChIJffYr31QbFgcRixq77MwiSZI 118102430982819574170 5 1455295739
ChIJffYr31QbFgcRixq77MwiSZI 104827626999269824308 5 1436538315
ChIJffYr31QbFgcRixq77MwiSZI 105508502190937766484 1 1408728380
ChIJITj-in8EFgcRsg17c6Co4cg 107471993659089332167 5 1500449570
ChIJITj-in8EFgcRsg17c6Co4cg 112738993661889046137 3 1472400903
ChIJG2Y4SM7iFQcRb10JnRqiL-Y 100411500493311162250 5 1501802742
ChIJG2Y4SM7iFQcRb10JnRqiL-Y 106305021219013720525 4 1514154590
ChIJG2Y4SM7iFQcRb10JnRqiL-Y 114502731981617048897 5 1508596527
ChIJG2Y4SM7iFQcRb10JnRqiL-Y 103252377284006425968 4 1506001732
ChIJG2Y4SM7iFQcRb10JnRqiL-Y 100576164195507237736 4 1514417965
ChIJUUCpfugEFgcRpVq2mIQY6-k 113787134036949674791 5 1506110103
ChIJUUCpfugEFgcRpVq2mIQY6-k 108266042263115515843 5 1515037014
ChIJUUCpfugEFgcRpVq2mIQY6-k 104207399276778457817 5 1511491598
ChIJUUCpfugEFgcRpVq2mIQY6-k 102769049263158030798 5 1493608386
ChIJUUCpfugEFgcRpVq2mIQY6-k 102201012093744790195 5 1508590619
ChIJbwjQpe8EFgcReGfBceMwWXI 109061523463683935873 4 1511455251
ChIJbwjQpe8EFgcReGfBceMwWXI 118087720992780675867 3 1514156321
ChIJbwjQpe8EFgcReGfBceMwWXI 109495773527546172558 5 1496066570
ChIJbwjQpe8EFgcReGfBceMwWXI 117696825480933074015 5 1501965391
ChIJbwjQpe8EFgcReGfBceMwWXI 112221800139995655717 5 1507294407
ChIJbwjQpe8EFgcR3fEYMMHfYLc 101065080082369501670 4 1511700550
ChIJbwjQpe8EFgcR3fEYMMHfYLc 102073706126510462407 5 1512576395
ChIJbwjQpe8EFgcR3fEYMMHfYLc 103175749563151549322 4 1501201361
ChIJbwjQpe8EFgcR3fEYMMHfYLc 111948261801518057153 2 1503265485
ChIJbwjQpe8EFgcR3fEYMMHfYLc 106357863863253854508 4 1515414214
ChIJN0IWtOcEFgcRweXTPC4CFsk 115027091749742812565 4 1509937875
ChIJN0IWtOcEFgcRweXTPC4CFsk 105454707938852380402 4 1498004415
ChIJN0IWtOcEFgcRweXTPC4CFsk 109919531772044543179 5 1474363877
ChIJN0IWtOcEFgcRweXTPC4CFsk 114906934124410917647 5 1490813829
ChIJN0IWtOcEFgcRweXTPC4CFsk 115426679708097098716 1 1505471778
ChIJK-eKwI4EFgcRWPB75HfkdRM 112809004784942574336 4 1514667424
ChIJK-eKwI4EFgcRWPB75HfkdRM 116127045275036616596 5 1478558713
ChIJK-eKwI4EFgcRWPB75HfkdRM 103731764889574407597 5 1476820341
ChIJK-eKwI4EFgcRWPB75HfkdRM 115284039421789010419 4 1499624464
ChIJK-eKwI4EFgcRWPB75HfkdRM 102975914197597775047 5 1453989712
ChIJf_J75YUEFgcRDYMfmwGzbOA 108220573676738170266 5 1512498786
ChIJf_J75YUEFgcRDYMfmwGzbOA 118391845815014479332 5 1507494195
ChIJf_J75YUEFgcRDYMfmwGzbOA 114464017673068883214 2 1489926082
ChIJf_J75YUEFgcRDYMfmwGzbOA 106076661824400774554 5 1501866131
ChIJf_J75YUEFgcRDYMfmwGzbOA 102605950954450107725 5 1491763647
ChIJbwjQpe8EFgcReGfBceMwWXI 109061523463683935873 4 1511455251
ChIJbwjQpe8EFgcReGfBceMwWXI 118087720992780675867 3 1514156321
ChIJbwjQpe8EFgcReGfBceMwWXI 109495773527546172558 5 1496066570
ChIJbwjQpe8EFgcReGfBceMwWXI 117696825480933074015 5 1501965391
ChIJbwjQpe8EFgcReGfBceMwWXI 112221800139995655717 5 1507294407
ChIJc304ZIQDFgcRTnwd_5BC3IA 109061523463683935873 5 1511461673
ChIJc304ZIQDFgcRTnwd_5BC3IA 116171500417700514002 5 1484052353
ChIJc304ZIQDFgcRTnwd_5BC3IA 103459775308373397532 4 1490105165
ChIJc304ZIQDFgcRTnwd_5BC3IA 114575924369796056330 4 1493226356
ChIJc304ZIQDFgcRTnwd_5BC3IA 115346325635681302355 3 1483489062
ChIJRScnsoYDFgcR2r9WehC7LWI 101628785625652557778 3 1496264381
ChIJRScnsoYDFgcR2r9WehC7LWI 110252853552225668328 3 1496345962
ChIJRScnsoYDFgcR2r9WehC7LWI 103777429100651726737 5 1499029226
ChIJRScnsoYDFgcR2r9WehC7LWI 100980611502684103742 3 1449653745
ChIJRScnsoYDFgcR2r9WehC7LWI 102032055091010092216 4 1451406676
ChIJww-uRoAEFgcR4BXE1AAXWLk 107442754764955074238 5 1508166504
ChIJww-uRoAEFgcR4BXE1AAXWLk 105873951753963476402 5 1477062293
ChIJww-uRoAEFgcR4BXE1AAXWLk 104666339258835258767 4 1504975000
ChIJww-uRoAEFgcR4BXE1AAXWLk 102799276603230763010 3 1492370667
ChIJww-uRoAEFgcR4BXE1AAXWLk 118422742354758695006 5 1451505649
ChIJpR4Czn8EFgcR_u179DpK6J0 115386516080279388859 5 1478093122
ChIJpR4Czn8EFgcR_u179DpK6J0 102032055091010092216 4 1451406609
ChIJpR4Czn8EFgcR_u179DpK6J0 115747259573361887044 5 1487717907
ChIJpR4Czn8EFgcR_u179DpK6J0 112809004784942574336 4 1514747101
ChIJpR4Czn8EFgcR_u179DpK6J0 113580324299962138948 5 1514313204
ChIJn_jNg5sDFgcRBnd_An0OVCE 109061523463683935873 4 1511472720
ChIJn_jNg5sDFgcRBnd_An0OVCE 105430447029820074604 5 1512932493
ChIJn_jNg5sDFgcRBnd_An0OVCE 107085442924637323021 3 1505752354
ChIJn_jNg5sDFgcRBnd_An0OVCE 104067803765661884049 3 1503594024
ChIJn_jNg5sDFgcRBnd_An0OVCE 117696825480933074015 5 1501966639
ChIJbwjQpe8EFgcReGfBceMwWXI 109061523463683935873 4 1511455251
ChIJbwjQpe8EFgcReGfBceMwWXI 118087720992780675867 3 1514156321
ChIJbwjQpe8EFgcReGfBceMwWXI 109495773527546172558 5 1496066570
ChIJbwjQpe8EFgcReGfBceMwWXI 117696825480933074015 5 1501965391
ChIJbwjQpe8EFgcReGfBceMwWXI 112221800139995655717 5 1507294407
ChIJmYeiy-AEFgcRXxf3oVxPgJU 115180566152991005374 5 1496419627
ChIJmYeiy-AEFgcRXxf3oVxPgJU 109442402072148970403 3 1511663257
ChIJmYeiy-AEFgcRXxf3oVxPgJU 106957734611948192956 4 1496004294
ChIJmYeiy-AEFgcRXxf3oVxPgJU 116932382533694686324 4 1503372338
ChIJmYeiy-AEFgcRXxf3oVxPgJU 100211970715441564874 5 1477518471
ChIJRT208OcEFgcR0q9WDmKDC0U 112714959103005771392 4 1512055605
ChIJRT208OcEFgcR0q9WDmKDC0U 109624508998402782077 5 1492450543
ChIJRT208OcEFgcR0q9WDmKDC0U 104586100328844098562 5 1506651055
ChIJRT208OcEFgcR0q9WDmKDC0U 108537539507683565148 5 1489260146
ChIJRT208OcEFgcR0q9WDmKDC0U 104291645933871383549 5 1486865221
ChIJqTbIfu8EFgcRbgPr4p2_PJY 112058309035911623140 5 1417802284
ChIJidIO85wDFgcRqQPPZZRBZBE 112809004784942574336 4 1515171944
ChIJuZgjGuYEFgcRhUioPBGTLYc 110314332751851664109 5 1489516436
ChIJuZgjGuYEFgcRhUioPBGTLYc 112809004784942574336 4 1514934571
ChIJuZgjGuYEFgcRhUioPBGTLYc 112353052089570419278 4 1505950992
ChIJuZgjGuYEFgcRhUioPBGTLYc 112714959103005771392 4 1512058209
ChIJuZgjGuYEFgcRhUioPBGTLYc 108266042263115515843 5 1515035220
ChIJU-a1No8EFgcRFUjW-RyGIvU 112809004784942574336 4 1514733832
ChIJJXkvN6kEFgcRN2Y4b2Vq7pY 111307976503813391616 5 1515146619
ChIJJXkvN6kEFgcRN2Y4b2Vq7pY 116912720989185416565 5 1510502441
ChIJJXkvN6kEFgcRN2Y4b2Vq7pY 112298796148646528082 4 1474017046
ChIJJXkvN6kEFgcRN2Y4b2Vq7pY 105077473041727807864 4 1492093173
ChIJJXkvN6kEFgcRN2Y4b2Vq7pY 103328957918427096111 3 1512378405
ChIJ2Ro9VO8EFgcRfbr467suPC4 101736552192959180552 5 1489678642
ChIJ2Ro9VO8EFgcRfbr467suPC4 106288778281130555699 5 1428531824
ChIJ2Ro9VO8EFgcRfbr467suPC4 101211449709769276604 5 1477069370
ChIJ2Ro9VO8EFgcRfbr467suPC4 100368359103739784609 4 1511180917
ChIJ2Ro9VO8EFgcRfbr467suPC4 115378274034173488264 4 1511780538
ChIJuVpn6Y4EFgcRlN1mJ5LyDlU 112809004784942574336 4 1514667228
ChIJ3b97_yAFFgcRA_IkoEUeUCs 110861104614848946590 4 1500479915
ChIJ3b97_yAFFgcRA_IkoEUeUCs 103987717301845997645 5 1484517290
ChIJ3b97_yAFFgcRA_IkoEUeUCs 102148833073051025468 5 1509134033
ChIJ3b97_yAFFgcRA_IkoEUeUCs 113737081512644540727 5 1513530382
ChIJ3b97_yAFFgcRA_IkoEUeUCs 112918896170771093200 5 1509153170
ChIJY9j5WScFFgcRLeJmBFUJhJ4 116442399683873449754 5 1501505050
ChIJY9j5WScFFgcRLeJmBFUJhJ4 100640378663047944516 4 1499856244
ChIJY9j5WScFFgcRLeJmBFUJhJ4 105365022499028583019 5 1514689651
ChIJY9j5WScFFgcRLeJmBFUJhJ4 114162824899795639631 5 1513444903
ChIJY9j5WScFFgcRLeJmBFUJhJ4 115525128530423352139 5 1509022879
ChIJw5CTdR0HFgcRU_7eJ6BCGTs 114543204667114523203 5 1514686238
ChIJw5CTdR0HFgcRU_7eJ6BCGTs 111634993391348450646 5 1509175308
ChIJw5CTdR0HFgcRU_7eJ6BCGTs 112792021060891258076 5 1505434280
ChIJgX6lk4wEFgcRL4NqQeWc9a4 105430447029820074604 3 1512932665
ChIJgX6lk4wEFgcRL4NqQeWc9a4 103482632668222681324 3 1512438932
ChIJgX6lk4wEFgcRL4NqQeWc9a4 115219372836416426122 5 1510436207
ChIJgX6lk4wEFgcRL4NqQeWc9a4 114275968046162518034 5 1501857025
ChIJgX6lk4wEFgcRL4NqQeWc9a4 117787199819153241796 5 1497092113
ChIJ2a5xRIcEFgcRXXonVsvCtuw 109061523463683935873 3 1466657593
ChIJ2a5xRIcEFgcRXXonVsvCtuw 109495773527546172558 5 1483790381
ChIJ2a5xRIcEFgcRXXonVsvCtuw 112809004784942574336 4 1514742883
ChIJ2a5xRIcEFgcRXXonVsvCtuw 103420328130567881229 4 1512571424
ChIJ2a5xRIcEFgcRXXonVsvCtuw 109321108481688078805 4 1507769407
ChIJc304ZIQDFgcRTnwd_5BC3IA 109061523463683935873 5 1511461673
ChIJc304ZIQDFgcRTnwd_5BC3IA 116171500417700514002 5 1484052353
ChIJc304ZIQDFgcRTnwd_5BC3IA 103459775308373397532 4 1490105165
ChIJc304ZIQDFgcRTnwd_5BC3IA 114575924369796056330 4 1493226356
ChIJc304ZIQDFgcRTnwd_5BC3IA 115346325635681302355 3 1483489062
ChIJ_T81qecEFgcR_fdblyHxqc0 106142889781808581791 2 1487276006
ChIJ_T81qecEFgcR_fdblyHxqc0 111131716926990135636 4 1360189213
ChIJ_T81qecEFgcR_fdblyHxqc0 110423784322963920306 3 1402916527
ChIJ_T81qecEFgcR_fdblyHxqc0 101631446945745318222 4 1509312537
ChIJ_T81qecEFgcR_fdblyHxqc0 114065787302163157198 4 1493084808
ChIJ49RcPeYEFgcR_f2lKto0rxw 108266042263115515843 5 1515035551
ChIJ49RcPeYEFgcR_f2lKto0rxw 104573139669159990738 3 1490628819
ChIJ49RcPeYEFgcR_f2lKto0rxw 117172820986329575172 5 1498865555
ChIJ49RcPeYEFgcR_f2lKto0rxw 115206108637448580246 5 1511459805
ChIJ49RcPeYEFgcR_f2lKto0rxw 113080823912072878099 5 1511351981
ChIJi_cUPeYEFgcRZI0Jym97Dss 107586444567346176320 5 1511200290
ChIJi_cUPeYEFgcRZI0Jym97Dss 117514953165613191319 5 1514252790
ChIJi_cUPeYEFgcRZI0Jym97Dss 106813281608956843246 5 1512489859
ChIJi_cUPeYEFgcRZI0Jym97Dss 104793655222444121787 5 1512741064
ChIJi_cUPeYEFgcRZI0Jym97Dss 114547413069009101304 5 1506997268
ChIJRScnsoYDFgcR2r9WehC7LWI 101628785625652557778 3 1496264381
ChIJRScnsoYDFgcR2r9WehC7LWI 110252853552225668328 3 1496345962
ChIJRScnsoYDFgcR2r9WehC7LWI 103777429100651726737 5 1499029226
ChIJRScnsoYDFgcR2r9WehC7LWI 100980611502684103742 3 1449653745
ChIJRScnsoYDFgcR2r9WehC7LWI 102032055091010092216 4 1451406676
ChIJww-uRoAEFgcR4BXE1AAXWLk 107442754764955074238 5 1508166504
ChIJww-uRoAEFgcR4BXE1AAXWLk 105873951753963476402 5 1477062293
ChIJww-uRoAEFgcR4BXE1AAXWLk 104666339258835258767 4 1504975000
ChIJww-uRoAEFgcR4BXE1AAXWLk 102799276603230763010 3 1492370667
ChIJww-uRoAEFgcR4BXE1AAXWLk 118422742354758695006 5 1451505649
ChIJfb70GucEFgcRL4teeS8IibM 109061523463683935873 3 1511625740
ChIJfb70GucEFgcRL4teeS8IibM 110183671572506307748 4 1500632642
ChIJfb70GucEFgcRL4teeS8IibM 117842244493207135239 5 1507573641
ChIJfb70GucEFgcRL4teeS8IibM 100319398517941643495 5 1505110371
ChIJfb70GucEFgcRL4teeS8IibM 115118024693442351845 5 1454336040
ChIJ1ZC9qecEFgcREy-GbWjrOJ0 102255942745243557630 2 1397080409
ChIJ1ZC9qecEFgcREy-GbWjrOJ0 112714959103005771392 4 1512062107
ChIJ1ZC9qecEFgcREy-GbWjrOJ0 109194558412696343445 5 1505348613
ChIJ1ZC9qecEFgcREy-GbWjrOJ0 102495128032813440332 5 1507241444
ChIJ1ZC9qecEFgcREy-GbWjrOJ0 113358885438357190503 5 1513379490
ChIJDSYipoAEFgcRTnobAtNV3S0 112809004784942574336 4 1514743935
ChIJDSYipoAEFgcRTnobAtNV3S0 104338277561611179091 5 1504132481
ChIJDSYipoAEFgcRTnobAtNV3S0 117625326070122798526 2 1502642152
ChIJDSYipoAEFgcRTnobAtNV3S0 110852024018235012050 4 1496740377
ChIJDSYipoAEFgcRTnobAtNV3S0 118087920703405705603 1 1500167447
ChIJaRUuTu8EFgcR1H7toWw9urw 101359189072186438340 5 1499132468
ChIJaRUuTu8EFgcR1H7toWw9urw 112809004784942574336 4 1514906875
ChIJaRUuTu8EFgcR1H7toWw9urw 107586444567346176320 5 1511200337
ChIJaRUuTu8EFgcR1H7toWw9urw 102283162172639886896 5 1513105734
ChIJaRUuTu8EFgcR1H7toWw9urw 117243786738736825118 4 1513674677
ChIJud0W0lUDFgcRTJZmAr3SngU 110252853552225668328 4 1496346450
ChIJud0W0lUDFgcRTJZmAr3SngU 101628785625652557778 4 1496265117
ChIJud0W0lUDFgcRTJZmAr3SngU 101279447040748153975 5 1484747869
ChIJud0W0lUDFgcRTJZmAr3SngU 101151159920055502408 5 1455756348
ChIJud0W0lUDFgcRTJZmAr3SngU 110400976451461080925 5 1474517268
ChIJPzGWfugEFgcR6oE1e7egUW0 101844401653176663507 3 1511827998
ChIJPzGWfugEFgcR6oE1e7egUW0 113787134036949674791 5 1506110434
ChIJPzGWfugEFgcR6oE1e7egUW0 103857402932606439673 5 1490619622
ChIJPzGWfugEFgcR6oE1e7egUW0 106197455085121028249 3 1493147023
ChIJPzGWfugEFgcR6oE1e7egUW0 112270997911738631816 2 1498479187
ChIJVafIDIcEFgcRWFLodnxnuJA 109495773527546172558 5 1497452067
ChIJVafIDIcEFgcRWFLodnxnuJA 104959738172484143924 5 1497473533
ChIJVafIDIcEFgcRWFLodnxnuJA 109061523463683935873 4 1466657400
ChIJVafIDIcEFgcRWFLodnxnuJA 107185330725663966593 5 1470701482
ChIJVafIDIcEFgcRWFLodnxnuJA 103798720283863773355 4 1379004351
ChIJ_SLVaOUEFgcR7-JW1T_krk0 101553267388311916942 5 1506911949
ChIJ_SLVaOUEFgcR7-JW1T_krk0 100592950440368159053 5 1514304501
ChIJ_SLVaOUEFgcR7-JW1T_krk0 107865143959363324460 4 1513432675
ChIJ_SLVaOUEFgcR7-JW1T_krk0 108032158935036196397 5 1467816976
ChIJ_SLVaOUEFgcR7-JW1T_krk0 112809004784942574336 4 1505507491
ChIJn_jNg5sDFgcRBnd_An0OVCE 109061523463683935873 4 1511472720
ChIJn_jNg5sDFgcRBnd_An0OVCE 105430447029820074604 5 1512932493
ChIJn_jNg5sDFgcRBnd_An0OVCE 107085442924637323021 3 1505752354
ChIJn_jNg5sDFgcRBnd_An0OVCE 104067803765661884049 3 1503594024
ChIJn_jNg5sDFgcRBnd_An0OVCE 117696825480933074015 5 1501966639
ChIJTy-14ZEEFgcRv7_gwV5TOEM 101650095419176783651 5 1506835591
ChIJTy-14ZEEFgcRv7_gwV5TOEM 114075198948938511439 5 1504758558
ChIJTy-14ZEEFgcRv7_gwV5TOEM 103308474132228501722 5 1513283364
ChIJTy-14ZEEFgcRv7_gwV5TOEM 113680294184114325517 5 1494896083
ChIJTy-14ZEEFgcRv7_gwV5TOEM 102642588574089761793 4 1514987213
ChIJgW7td-0EFgcRbadpjAVIBeM 100980611502684103742 2 1449653659
ChIJgW7td-0EFgcRbadpjAVIBeM 101472498280225200787 5 1485952309
ChIJgW7td-0EFgcRbadpjAVIBeM 110423784322963920306 4 1402916496
ChIJgW7td-0EFgcRbadpjAVIBeM 115768492741945726522 3 1413490086
ChIJgW7td-0EFgcRbadpjAVIBeM 107586444567346176320 4 1511200457
ChIJud0W0lUDFgcRTJZmAr3SngU 110252853552225668328 4 1496346450
ChIJud0W0lUDFgcRTJZmAr3SngU 101628785625652557778 4 1496265117
ChIJud0W0lUDFgcRTJZmAr3SngU 101279447040748153975 5 1484747869
ChIJud0W0lUDFgcRTJZmAr3SngU 101151159920055502408 5 1455756348
ChIJud0W0lUDFgcRTJZmAr3SngU 110400976451461080925 5 1474517268
ChIJY0p8BXcDFgcRpIAs4AGeXLw 109015126708245260750 5 1507089629
ChIJY0p8BXcDFgcRpIAs4AGeXLw 106495938605873886859 5 1501440082
ChIJY0p8BXcDFgcRpIAs4AGeXLw 104666339258835258767 5 1504975306
ChIJY0p8BXcDFgcRpIAs4AGeXLw 108931375073446786828 5 1511708421
ChIJY0p8BXcDFgcRpIAs4AGeXLw 109061523463683935873 3 1511463849
ChIJE19TeXwFFgcRqTKTlemByvE 105873951753963476402 5 1477063314
ChIJE19TeXwFFgcRqTKTlemByvE 114547320032674798520 5 1514970162
ChIJE19TeXwFFgcRqTKTlemByvE 112809004784942574336 4 1515020029
ChIJE19TeXwFFgcRqTKTlemByvE 118253373880801155003 4 1506085977
ChIJE19TeXwFFgcRqTKTlemByvE 113787134036949674791 5 1505337537
ChIJdyexw14DFgcRiS9JVyMLcXo 117788626732660831323 4 1510302769
ChIJdyexw14DFgcRiS9JVyMLcXo 109495773527546172558 5 1485336562
ChIJdyexw14DFgcRiS9JVyMLcXo 117681482690909744453 3 1515070267
ChIJdyexw14DFgcRiS9JVyMLcXo 116425873241317383295 4 1509556098
ChIJdyexw14DFgcRiS9JVyMLcXo 101628785625652557778 3 1459106460[u'ChIJITj-in8EFgcRsg17c6Co4cg', u'107471993659089332167', 5, 1500449570]
[u'ChIJITj-in8EFgcRsg17c6Co4cg', u'112738993661889046137', 3, 1472400903]
[u'ChIJmfXyj4gEFgcROGKMO6faGys', u'100089314348472192351', 5, 1477250036]
[u'ChIJmfXyj4gEFgcROGKMO6faGys', u'118348002944499798302', 1, 1506701822]
[u'ChIJmfXyj4gEFgcROGKMO6faGys', u'102132746147096279753', 4, 1506132346]
[u'ChIJmfXyj4gEFgcROGKMO6faGys', u'112809004784942574336', 4, 1514737419]
[u'ChIJmfXyj4gEFgcROGKMO6faGys', u'100722280284017188089', 5, 1504383107]
