904330915 107471993659089332167 5 1500449570
904330915 112738993661889046137 3 1472400903
2517399085 100089314348472192351 5 1477250036
2517399085 118348002944499798302 1 1506701822
2517399085 102132746147096279753 4 1506132346
2517399085 112809004784942574336 4 1514737419
2517399085 100722280284017188089 5 1504383107
2627312981 103700201745581095676 4 1513876787
2627312981 118364941805826372344 4 1496608618
2627312981 111507918580983783364 5 1515861172
2627312981 112104182376827309209 5 1513343206
2627312981 104874113283516189350 5 1513112037
2627418546 105930388188232845083 5 1485685154
2627418546 112809004784942574336 4 1515251055
4013135970 101374461031083143200 3 1509390019
4013135970 109172554756316353763 5 1505421647
310359209 104108602519904982828 2 1447951441
310359209 118102430982819574170 5 1455295739
310359209 104827626999269824308 5 1436538315
310359209 105508502190937766484 1 1408728380
5329649749 113580324299962138948 5 1514113968
5329649749 100643099264398845994 5 1502374743
5329649749 116919962357974986801 5 1493946163
5329649749 117220846421812231043 5 1502103212
5329649749 116924105682213926963 5 1510961964
4671721850 100411500493311162250 5 1501802742
4671721850 106305021219013720525 4 1514154590
4671721850 111800199055006613471 4 1515871089
4671721850 114502731981617048897 5 1508596527
4671721850 103252377284006425968 4 1506001732
4832446778 113787134036949674791 5 1506110103
4832446778 108266042263115515843 5 1515037014
4832446778 104207399276778457817 5 1511491598
4832446778 102769049263158030798 5 1493608386
4832446778 102201012093744790195 5 1508590619
59224731 107742059751171695340 4 1515672086
59224731 109061523463683935873 4 1511455251
59224731 118087720992780675867 3 1514156321
59224731 109495773527546172558 5 1496066570
59224731 117696825480933074015 5 1501965391
59392558 101065080082369501670 4 1511700550
59392558 102073706126510462407 5 1512576395
59392558 103175749563151549322 4 1501201361
59392558 111948261801518057153 2 1503265485
59392558 106815531425703673734 4 1504659633
247777942 115027091749742812565 4 1509937875
247777942 105454707938852380402 4 1498004415
247777942 109919531772044543179 5 1474363877
247777942 114906934124410917647 5 1490813829
247777942 115426679708097098716 1 1505471778
2917546802 112809004784942574336 4 1514667424
2917546802 116127045275036616596 5 1478558713
2917546802 103731764889574407597 5 1476820341
2917546802 115284039421789010419 4 1499624464
2917546802 102975914197597775047 5 1453989712
4489601833 108220573676738170266 5 1512498786
4489601833 118391845815014479332 5 1507494195
4489601833 114464017673068883214 2 1489926082
4489601833 106076661824400774554 5 1501866131
4489601833 102605950954450107725 5 1491763647
904254510 109061523463683935873 5 1511461673
904254510 116171500417700514002 5 1484052353
904254510 103459775308373397532 4 1490105165
904254510 114575924369796056330 4 1493226356
904254510 115346325635681302355 3 1483489062
1014938188 101628785625652557778 3 1496264381
1014938188 110252853552225668328 3 1496345962
1014938188 103777429100651726737 5 1499029226
1014938188 100980611502684103742 3 1449653745
1014938188 102032055091010092216 4 1451406676
1446213393 107442754764955074238 5 1508166504
1446213393 105873951753963476402 5 1477062293
1446213393 104666339258835258767 4 1504975000
1446213393 102799276603230763010 3 1492370667
1446213393 109550681878278208412 5 1515397386
1739618198 115386516080279388859 5 1478093122
1739618198 102032055091010092216 4 1451406609
1739618198 115747259573361887044 5 1487717907
1739618198 112809004784942574336 4 1514747101
1739618198 113580324299962138948 5 1514313204
87291138 109061523463683935873 4 1511472720
87291138 105430447029820074604 5 1512932493
87291138 107085442924637323021 3 1505752354
87291138 116413759327140733839 5 1515766378
87291138 104067803765661884049 3 1503594024
7628527 115180566152991005374 5 1496419627
7628527 109442402072148970403 3 1511663257
7628527 106957734611948192956 4 1496004294
7628527 116932382533694686324 4 1503372338
7628527 100211970715441564874 5 1477518471
7637177 112714959103005771392 4 1512055605
7637177 109624508998402782077 5 1492450543
7637177 104586100328844098562 5 1506651055
7637177 108537539507683565148 5 1489260146
7637177 104291645933871383549 5 1486865221
736956753 112058309035911623140 5 1417802284
4620624732 112809004784942574336 4 1515171944
991899628 101576471728278000720 5 1515269979
991899628 106467606349708808110 4 1513698171
991899628 102252203472486673148 5 1501725949
991899628 103862193769837538707 5 1513007581
1458810408 112809004784942574336 4 1514733832
1489487295 110447871581668078533 5 1510669610
1489487295 112809004784942574336 4 1514673769
1489487295 103949653117590293750 3 1512689724
1489487295 109529011725961185181 5 1514512395
1489487295 110825410626117805128 4 1514507660
4379475278 112809004784942574336 4 1515541403
5063175822 101736552192959180552 5 1489678642
5063175822 106288778281130555699 5 1428531824
5063175822 101211449709769276604 5 1477069370
5063175822 100368359103739784609 4 1511180917
5063175822 115378274034173488264 4 1511780538
5111051916 112809004784942574336 4 1514667228
366301422 110861104614848946590 4 1500479915
366301422 103987717301845997645 5 1484517290
366301422 102148833073051025468 5 1509134033
366301422 117231539543060960529 5 1515903732
366301422 112918896170771093200 5 1509153170
366301428 116442399683873449754 5 1501505050
366301428 100640378663047944516 4 1499856244
366301428 105365022499028583019 5 1514689651
366301428 114162824899795639631 5 1513444903
366301428 101945551830092619810 3 1515600760
420314882 114543204667114523203 5 1514686238
420314882 111634993391348450646 5 1509175308
420314882 112792021060891258076 5 1505434280
340233810 105430447029820074604 3 1512932665
340233810 103482632668222681324 3 1512438932
340233810 115219372836416426122 5 1510436207
340233810 114275968046162518034 5 1501857025
340233810 117787199819153241796 5 1497092113
340233813 109495773527546172558 5 1483790381
340233813 109061523463683935873 3 1466657593
340233813 112809004784942574336 4 1514742883
340233813 105831283212586300309 5 1515873723
340233813 103420328130567881229 4 1512571424
991899630 106142889781808581791 2 1487276006
991899630 111131716926990135636 4 1360189213
991899630 110423784322963920306 3 1402916527
991899630 101631446945745318222 4 1509312537
991899630 114065787302163157198 4 1493084808
991899664 108266042263115515843 5 1515035551
991899664 104573139669159990738 3 1490628819
991899664 117172820986329575172 5 1498865555
991899664 115206108637448580246 5 1511459805
991899664 113080823912072878099 5 1511351981
991899666 107586444567346176320 5 1511200290
991899666 117514953165613191319 5 1514252790
991899666 106813281608956843246 5 1512489859
991899666 104793655222444121787 5 1512741064
991899666 114547413069009101304 5 1506997268
1486422687 102080885780918441106 4 1515850091
1486422689 109061523463683935873 3 1511625740
1486422689 110183671572506307748 4 1500632642
1486422689 117842244493207135239 5 1507573641
1486422689 100319398517941643495 5 1505110371
1486422689 115118024693442351845 5 1454336040
1486422690 102255942745243557630 2 1397080409
1486422690 112714959103005771392 4 1512062107
1486422690 109194558412696343445 5 1505348613
1486422690 102495128032813440332 5 1507241444
1486422690 113358885438357190503 5 1513379490
2546347647 112809004784942574336 4 1514743935
2546347647 104338277561611179091 5 1504132481
2546347647 117625326070122798526 2 1502642152
2546347647 110852024018235012050 4 1496740377
2546347647 118087920703405705603 1 1500167447
4364718106 101359189072186438340 5 1499132468
4364718106 112809004784942574336 4 1514906875
4364718106 107586444567346176320 5 1511200337
4364718106 102283162172639886896 5 1513105734
4364718106 117243786738736825118 4 1513674677
4832439737 101844401653176663507 3 1511827998
4832439737 113787134036949674791 5 1506110434
4832439737 103857402932606439673 5 1490619622
4832439737 106197455085121028249 3 1493147023
4832439737 112270997911738631816 2 1498479187
5128689863 109495773527546172558 5 1497452067
5128689863 104959738172484143924 5 1497473533
5128689863 109061523463683935873 4 1466657400
5128689863 107185330725663966593 5 1470701482
5128689863 103798720283863773355 4 1379004351
29415493 101553267388311916942 5 1506911949
29415493 100592950440368159053 5 1514304501
29415493 107865143959363324460 4 1513432675
29415493 108032158935036196397 5 1467816976
29415493 112809004784942574336 4 1505507491
444446827 104200170054554273064 5 1513663969
444446827 112941496750545456752 5 1509162325
444446827 111973960672458762641 5 1500622179
444446827 101472498280225200787 4 1512936552
444446827 111927582695485544490 5 1446066358
463185163 100980611502684103742 2 1449653659
463185163 101472498280225200787 5 1485952309
463185163 110423784322963920306 4 1402916496
463185163 115768492741945726522 3 1413490086
463185163 107586444567346176320 4 1511200457
474260844 110252853552225668328 4 1496346450
474260844 101628785625652557778 4 1496265117
474260844 101279447040748153975 5 1484747869
474260844 110400976451461080925 5 1474517268
474260844 101151159920055502408 5 1455756348
565771434 109015126708245260750 5 1507089629
565771434 106495938605873886859 5 1501440082
565771434 104666339258835258767 5 1504975306
565771434 109061523463683935873 3 1511463849
565771434 108931375073446786828 5 1511708421
1776511037 105873951753963476402 5 1477063314
1776511037 114547320032674798520 5 1514970162
1776511037 112809004784942574336 4 1515020029
1776511037 118253373880801155003 4 1506085977
1776511037 113787134036949674791 5 1505337537
30967921 117788626732660831323 4 1510302769
30967921 107259744593967021837 4 1515727899
30967921 109495773527546172558 5 1485336562
30967921 117681482690909744453 3 1515070267
30967921 101628785625652557778 3 1459106460
59224731 99999 4 1459106460
87291138 99999 5 1459106460
